MV Schillplate		
1		
1		
1		
0	82.84	
MainHull		
119		
	2	
83.05	0	2.164
83.05	0	3.083
	12	
83.05	0	2.164
83.05	0.023	2.156
83.05	0.061	2.239
83.05	0.097	2.324
83.05	0.126	2.411
83.05	0.146	2.501
83.05	0.154	2.642
83.05	0.135	2.782
83.05	0.087	2.931
83.05	0.056	3.003
83.05	0.024	3.072
83.05	0	3.083
	19	
82.75	0	1.576
82.75	0.023	1.579
82.75	0.1	1.679
82.75	0.169	1.785
82.75	0.231	1.896
82.75	0.283	2.012
82.75	0.351	2.228
82.75	0.394	2.451
82.75	0.421	2.691
82.75	0.441	2.916
82.75	0.432	3.122
82.75	0.398	3.327
82.75	0.343	3.526
82.75	0.264	3.713
82.75	0.211	3.803
82.75	0.153	3.889
82.75	0.089	3.972
82.75	0.023	4.053
82.75	0	4.058
	19	
82.45	0	1.255
82.45	0.023	1.261
82.45	0.179	1.421
82.45	0.298	1.604
82.45	0.389	1.805
82.45	0.462	2.015
82.45	0.587	2.503
82.45	0.642	3
82.45	0.627	3.345
82.45	0.56	3.683
82.45	0.485	3.901
82.45	0.305	4.299
82.45	0.215	4.483
82.45	0.131	4.67
82.45	0.057	4.862
82.45	0.035	5.032
82.45	0.024	5.203
82.45	0	5.218
82.15	0	9.544
	32	
82.15	0	1.023
82.15	0.023	1.03
82.15	0.18	1.173
82.15	0.308	1.339
82.15	0.412	1.522
82.15	0.5	1.715
82.15	0.668	2.213
82.15	0.775	2.729
82.15	0.807	2.997
82.15	0.812	3.265
82.15	0.803	3.383
82.15	0.786	3.499
82.15	0.671	3.889
82.15	0.501	4.261
82.15	0.428	4.402
82.15	0.28	4.68
82.15	0.206	4.82
82.15	0.202	5.085
82.15	0.214	5.35
82.15	0.243	5.613
82.15	0.293	5.873
82.15	0.405	6.248
82.15	0.562	6.607
82.15	0.628	6.729
82.15	0.662	6.789
82.15	0.698	6.848
82.15	1.018	7.539
82.15	1.372	8.211
82.15	1.74	8.877
82.15	1.924	9.21
82.15	2.105	9.544
82.15	0	9.544
	31	
81.85	0	0.843
81.85	0.023	0.85
81.85	0.18	0.987
81.85	0.316	1.144
81.85	0.433	1.317
81.85	0.533	1.5
81.85	0.686	1.867
81.85	0.802	2.248
81.85	0.862	2.488
81.85	0.91	2.731
81.85	0.951	3.116
81.85	0.928	3.5
81.85	0.864	3.761
81.85	0.765	4.014
81.85	0.668	4.209
81.85	0.454	4.587
81.85	0.348	4.775
81.85	0.359	4.912
81.85	0.371	5.049
81.85	0.387	5.185
81.85	0.407	5.321
81.85	0.463	5.592
81.85	0.538	5.858
81.85	0.741	6.371
81.85	0.868	6.616
81.85	1.014	6.85
81.85	1.345	7.532
81.85	1.691	8.208
81.85	2.048	8.877
81.85	2.416	9.541
81.85	0	9.541
	31	
81.55	0	0.698
81.55	0.023	0.705
81.55	0.168	0.83
81.55	0.3	0.968
81.55	0.524	1.277
81.55	0.704	1.629
81.55	0.843	2
81.55	0.984	2.518
81.55	1.055	3.05
81.55	1.057	3.334
81.55	1.023	3.615
81.55	0.95	3.876
81.55	0.841	4.125
81.55	0.757	4.279
81.55	0.667	4.43
81.55	0.574	4.579
81.55	0.483	4.728
81.55	0.596	5.293
81.55	0.771	5.842
81.55	1.012	6.365
81.55	1.32	6.852
81.55	1.399	7.024
81.55	1.478	7.195
81.55	1.639	7.538
81.55	1.827	7.917
81.55	2.024	8.292
81.55	2.195	8.604
81.55	2.368	8.914
81.55	2.542	9.224
81.55	2.714	9.534
81.55	0	9.534
	35	
80.95	0	0.48
80.95	0.022	0.485
80.95	0.096	0.526
80.95	0.164	0.574
80.95	0.228	0.628
80.95	0.289	0.686
80.95	0.505	0.952
80.95	0.685	1.246
80.95	0.807	1.476
80.95	0.916	1.712
80.95	1	1.93
80.95	1.106	2.248
80.95	1.189	2.619
80.95	1.227	2.997
80.95	1.214	3.431
80.95	1.129	3.856
80.95	1.021	4.143
80.95	0.875	4.412
80.95	0.84	4.466
80.95	0.805	4.518
80.95	0.769	4.571
80.95	0.735	4.624
80.95	0.854	4.98
80.95	0.992	5.329
80.95	1.15	5.669
80.95	1.326	5.999
80.95	1.458	6.22
80.95	1.746	6.646
80.95	1.901	6.851
80.95	2.202	7.538
80.95	2.544	8.206
80.95	2.723	8.536
80.95	3.089	9.191
80.95	3.271	9.519
80.95	0	9.519
	33	
80.35	0	0.326
80.35	0.022	0.327
80.35	0.127	0.387
80.35	0.225	0.455
80.35	0.403	0.616
80.35	0.638	0.916
80.35	0.83	1.247
80.35	1.01	1.618
80.35	1.162	2
80.35	1.271	2.359
80.35	1.34	2.727
80.35	1.36	3.114
80.35	1.334	3.501
80.35	1.291	3.753
80.35	1.222	3.999
80.35	1.167	4.134
80.35	1.103	4.266
80.35	1.07	4.327
80.35	1.036	4.388
80.35	1.001	4.448
80.35	0.966	4.508
80.35	1.1	4.802
80.35	1.242	5.092
80.35	1.558	5.656
80.35	1.763	5.967
80.35	1.982	6.267
80.35	2.213	6.56
80.35	2.451	6.846
80.35	2.771	7.517
80.35	3.099	8.185
80.35	3.431	8.85
80.35	3.768	9.513
80.35	0	9.513
	29	
79.75	0	0.219
79.75	0.022	0.217
79.75	0.204	0.313
79.75	0.368	0.435
79.75	0.515	0.578
79.75	0.645	0.737
79.75	0.858	1.071
79.75	1.11	1.585
79.75	1.18	1.747
79.75	1.401	2.471
79.75	1.47	3.223
79.75	1.439	3.58
79.75	1.36	3.93
79.75	1.323	4.044
79.75	1.28	4.157
79.75	1.232	4.268
79.75	1.18	4.378
79.75	1.293	4.544
79.75	1.393	4.716
79.75	1.581	5.069
79.75	1.711	5.294
79.75	1.924	5.617
79.75	2.228	6.014
79.75	2.468	6.299
79.75	2.716	6.578
79.75	2.972	6.847
79.75	3.595	8.192
79.75	4.214	9.504
79.75	0	9.504
	33	
79.15	0	0.147
79.15	0.023	0.141
79.15	0.118	0.195
79.15	0.213	0.25
79.15	0.263	0.273
79.15	0.311	0.299
79.15	0.403	0.359
79.15	0.696	0.65
79.15	0.924	1.001
79.15	1.061	1.247
79.15	1.185	1.5
79.15	1.286	1.747
79.15	1.372	2
79.15	1.512	2.571
79.15	1.572	3.156
79.15	1.567	3.428
79.15	1.537	3.699
79.15	1.48	3.964
79.15	1.391	4.223
79.15	1.514	4.4
79.15	1.628	4.582
79.15	1.848	4.952
79.15	2.001	5.193
79.15	2.253	5.543
79.15	2.606	5.971
79.15	2.88	6.275
79.15	3.165	6.568
79.15	3.461	6.849
79.15	3.767	7.502
79.15	4.058	8.161
79.15	4.337	8.826
79.15	4.608	9.494
79.15	0	9.494
	34	
78.55	0	0.096
78.55	0.024	0.089
78.55	0.254	0.198
78.55	0.472	0.329
78.55	0.674	0.506
78.55	0.763	0.608
78.55	0.845	0.715
78.55	1.155	1.211
78.55	1.388	1.748
78.55	1.468	1.996
78.55	1.534	2.248
78.55	1.602	2.565
78.55	1.653	2.884
78.55	1.684	3.271
78.55	1.671	3.658
78.55	1.659	3.754
78.55	1.643	3.85
78.55	1.623	3.946
78.55	1.6	4.04
78.55	1.756	4.275
78.55	1.906	4.514
78.55	2.212	4.987
78.55	2.539	5.432
78.55	2.895	5.855
78.55	3.136	6.117
78.55	3.386	6.371
78.55	3.645	6.615
78.55	3.913	6.85
78.55	4.193	7.5
78.55	4.453	8.158
78.55	4.579	8.488
78.55	4.703	8.82
78.55	4.948	9.483
78.55	0	9.483
	32	
77.95	0	0.057
77.95	0.026	0.052
77.95	0.216	0.126
77.95	0.493	0.258
77.95	0.58	0.312
77.95	0.661	0.373
77.95	0.737	0.442
77.95	0.979	0.735
77.95	1.183	1.054
77.95	1.352	1.394
77.95	1.489	1.748
77.95	1.644	2.283
77.95	1.755	2.83
77.95	1.804	3.161
77.95	1.824	3.495
77.95	1.818	3.662
77.95	1.811	3.746
77.95	1.803	3.829
77.95	1.938	4.047
77.95	2.074	4.265
77.95	2.354	4.694
77.95	2.641	5.096
77.95	2.946	5.485
77.95	3.263	5.852
77.95	3.598	6.203
77.95	3.951	6.536
77.95	4.323	6.849
77.95	4.572	7.498
77.95	4.804	8.153
77.95	5.025	8.812
77.95	5.239	9.473
77.95	0	9.473
	36	
77.35	0	0.028
77.35	0.025	0.025
77.35	0.178	0.069
77.35	0.478	0.178
77.35	0.618	0.251
77.35	0.732	0.329
77.35	0.837	0.419
77.35	0.935	0.518
77.35	1.024	0.623
77.35	1.138	0.774
77.35	1.238	0.932
77.35	1.327	1.098
77.35	1.407	1.268
77.35	1.552	1.63
77.35	1.676	2.001
77.35	1.822	2.516
77.35	1.933	3.038
77.35	1.972	3.31
77.35	1.986	3.447
77.35	1.996	3.584
77.35	2.163	3.874
77.35	2.336	4.161
77.35	2.515	4.443
77.35	2.702	4.72
77.35	2.917	5.014
77.35	3.141	5.301
77.35	3.278	5.469
77.35	3.417	5.634
77.35	3.698	5.944
77.35	3.992	6.242
77.35	4.243	6.476
77.35	4.501	6.701
77.35	4.644	6.829
77.35	4.686	6.848
77.35	5.485	9.463
77.35	0	9.463
	32	
76.75	0	0.009
76.75	0.025	0.006
76.75	0.17	0.036
76.75	0.314	0.068
76.75	0.457	0.108
76.75	0.595	0.16
76.75	0.789	0.265
76.75	0.965	0.4
76.75	1.084	0.519
76.75	1.191	0.649
76.75	1.267	0.758
76.75	1.336	0.871
76.75	1.378	0.95
76.75	1.401	0.996
76.75	1.424	1.043
76.75	1.58	1.392
76.75	1.719	1.749
76.75	1.852	2.126
76.75	1.971	2.507
76.75	2.074	2.893
76.75	2.156	3.284
76.75	2.308	3.603
76.75	2.481	3.91
76.75	2.868	4.501
76.75	3.239	5.007
76.75	3.63	5.497
76.75	3.947	5.862
76.75	4.28	6.212
76.75	4.637	6.559
76.75	5.008	6.848
76.75	5.686	9.453
76.75	0	9.453
	26	
76.15	0	0.002
76.15	0.025	0.001
76.15	0.202	0.017
76.15	0.553	0.087
76.15	0.722	0.145
76.15	1.002	0.295
76.15	1.243	0.499
76.15	1.398	0.692
76.15	1.525	0.906
76.15	1.631	1.132
76.15	1.721	1.362
76.15	1.873	1.724
76.15	2.013	2.09
76.15	2.141	2.461
76.15	2.254	2.837
76.15	2.375	3.148
76.15	2.518	3.447
76.15	2.853	4.021
76.15	3.153	4.468
76.15	3.47	4.904
76.15	3.881	5.432
76.15	4.316	5.938
76.15	4.787	6.43
76.15	5.291	6.849
76.15	5.848	9.443
76.15	0	9.443
	27	
75.75	0	0.001
75.75	0.126	0
75.75	0.343	0.019
75.75	0.557	0.056
75.75	0.766	0.116
75.75	0.966	0.2
75.75	1.181	0.333
75.75	1.371	0.5
75.75	1.61	0.83
75.75	1.789	1.201
75.75	1.912	1.499
75.75	1.975	1.649
75.75	2.037	1.8
75.75	2.257	2.402
75.75	2.487	3
75.75	2.741	3.51
75.75	3.035	4
75.75	3.377	4.507
75.75	3.737	5
75.75	4.128	5.498
75.75	4.541	5.978
75.75	4.982	6.43
75.75	5.458	6.85
75.75	5.576	7.486
75.75	5.816	8.789
75.75	5.935	9.436
75.75	0	9.436
	27	
75.561	0	0.001
75.561	0.181	0
75.561	0.399	0.018
75.561	0.615	0.056
75.561	0.827	0.116
75.561	1.028	0.201
75.561	1.112	0.246
75.561	1.192	0.297
75.561	1.33	0.402
75.561	1.383	0.45
75.561	1.432	0.501
75.561	1.698	0.88
75.561	1.896	1.3
75.561	2.042	1.649
75.561	2.18	1.999
75.561	2.367	2.503
75.561	2.57	3
75.561	2.83	3.51
75.561	3.127	4
75.561	3.468	4.507
75.561	3.827	5
75.561	4.215	5.496
75.561	4.625	5.975
75.561	5.065	6.445
75.561	5.531	6.85
75.561	5.971	9.432
75.561	0	9.432
	26	
75.5	0	0.001
75.5	0.199	0
75.5	0.417	0.019
75.5	0.634	0.056
75.5	0.846	0.115
75.5	1.048	0.201
75.5	1.283	0.348
75.5	1.452	0.5
75.5	1.574	0.65
75.5	1.68	0.813
75.5	1.772	0.985
75.5	1.854	1.16
75.5	2.061	1.64
75.5	2.192	1.981
75.5	2.32	2.324
75.5	2.453	2.664
75.5	2.598	2.999
75.5	2.86	3.509
75.5	3.155	4
75.5	3.856	5
75.5	4.243	5.496
75.5	4.652	5.974
75.5	5.09	6.444
75.5	5.554	6.85
75.5	5.982	9.431
75.5	0	9.431
	29	
75.4	0	0.001
75.4	0.229	0
75.4	0.448	0.02
75.4	0.666	0.056
75.4	0.879	0.115
75.4	1.081	0.201
75.4	1.245	0.298
75.4	1.317	0.348
75.4	1.386	0.401
75.4	1.437	0.449
75.4	1.485	0.5
75.4	1.585	0.622
75.4	1.675	0.753
75.4	1.756	0.89
75.4	1.829	1.03
75.4	2.149	1.771
75.4	2.173	1.827
75.4	2.214	1.942
75.4	2.233	2.001
75.4	2.657	3.031
75.4	3.204	4
75.4	3.543	4.507
75.4	3.902	5
75.4	4.288	5.494
75.4	4.695	5.972
75.4	5.13	6.442
75.4	5.59	6.85
75.4	5.999	9.429
75.4	0	9.429
	29	
75.3	0	0.001
75.3	0.261	0
75.3	0.479	0.02
75.3	0.699	0.056
75.3	0.913	0.114
75.3	1.115	0.201
75.3	1.197	0.248
75.3	1.278	0.299
75.3	1.35	0.348
75.3	1.42	0.402
75.3	1.627	0.635
75.3	1.795	0.901
75.3	1.811	0.928
75.3	1.819	0.941
75.3	1.827	0.955
75.3	2.214	1.845
75.3	2.319	2.139
75.3	2.432	2.43
75.3	2.553	2.717
75.3	2.685	3
75.3	2.954	3.508
75.3	3.251	4
75.3	3.59	4.507
75.3	4.332	5.493
75.3	4.738	5.969
75.3	5.17	6.44
75.3	5.626	6.85
75.3	6.015	9.428
75.3	0	9.428
	25	
75.2	0	0.001
75.2	0.293	0
75.2	0.513	0.019
75.2	0.732	0.056
75.2	0.946	0.114
75.2	1.149	0.201
75.2	1.232	0.248
75.2	1.385	0.348
75.2	1.455	0.401
75.2	1.567	0.514
75.2	1.664	0.642
75.2	1.752	0.777
75.2	1.838	0.912
75.2	2.266	1.888
75.2	2.37	2.17
75.2	2.48	2.451
75.2	2.727	3
75.2	3	3.507
75.2	3.3	3.999
75.2	3.82	4.768
75.2	4.385	5.504
75.2	4.999	6.217
75.2	5.66	6.85
75.2	6.03	9.426
75.2	0	9.426
	30	
75.1	0	0.001
75.1	0.325	0
75.1	0.479	0.012
75.1	0.633	0.032
75.1	0.786	0.06
75.1	0.936	0.1
75.1	1.062	0.145
75.1	1.184	0.201
75.1	1.266	0.248
75.1	1.347	0.298
75.1	1.419	0.348
75.1	1.541	0.449
75.1	1.589	0.499
75.1	1.663	0.592
75.1	1.731	0.692
75.1	1.795	0.793
75.1	1.86	0.892
75.1	2.309	1.907
75.1	2.41	2.187
75.1	2.52	2.463
75.1	2.771	3
75.1	3.047	3.506
75.1	3.347	3.999
75.1	3.865	4.767
75.1	4.427	5.502
75.1	5.036	6.201
75.1	5.693	6.85
75.1	5.919	8.499
75.1	6.045	9.424
75.1	0	9.424
	28	
75.05	0	0.001
75.05	0.342	0
75.05	0.496	0.011
75.05	0.65	0.031
75.05	0.802	0.06
75.05	0.952	0.1
75.05	1.079	0.145
75.05	1.201	0.2
75.05	1.284	0.247
75.05	1.493	0.392
75.05	1.609	0.499
75.05	1.683	0.591
75.05	1.748	0.691
75.05	1.81	0.792
75.05	1.875	0.89
75.05	2.329	1.91
75.05	2.43	2.189
75.05	2.541	2.464
75.05	2.793	3
75.05	3.069	3.506
75.05	3.37	4
75.05	3.887	4.766
75.05	4.448	5.5
75.05	5.055	6.2
75.05	5.709	6.85
75.05	5.929	8.498
75.05	6.052	9.424
75.05	0	9.424
	28	
75	0	0.001
75	0.358	0
75	0.513	0.012
75	0.667	0.032
75	0.82	0.06
75	0.971	0.1
75	1.097	0.145
75	1.218	0.201
75	1.302	0.248
75	1.382	0.298
75	1.455	0.348
75	1.576	0.449
75	1.624	0.499
75	1.698	0.593
75	1.766	0.692
75	1.83	0.793
75	1.895	0.893
75	2.346	1.91
75	2.559	2.456
75	2.808	2.985
75	3.088	3.499
75	3.908	4.765
75	4.469	5.499
75	5.075	6.198
75	5.724	6.85
75	5.939	8.498
75	6.058	9.423
75	0	9.423
	24	
74.9	0	0.001
74.9	0.392	0
74.9	0.613	0.018
74.9	0.834	0.055
74.9	1.048	0.114
74.9	1.253	0.201
74.9	1.337	0.247
74.9	1.491	0.348
74.9	1.559	0.401
74.9	1.671	0.515
74.9	1.769	0.642
74.9	1.857	0.777
74.9	1.942	0.913
74.9	2.376	1.891
74.9	2.594	2.442
74.9	2.848	2.976
74.9	3.131	3.495
74.9	3.953	4.764
74.9	4.511	5.496
74.9	5.112	6.196
74.9	5.755	6.85
74.9	5.959	8.497
74.9	6.071	9.422
74.9	0	9.422
	26	
74.8	0	0.001
74.8	0.426	0
74.8	0.648	0.018
74.8	0.868	0.054
74.8	1.083	0.114
74.8	1.288	0.201
74.8	1.373	0.247
74.8	1.455	0.298
74.8	1.594	0.401
74.8	1.714	0.524
74.8	1.819	0.661
74.8	1.912	0.808
74.8	2	0.956
74.8	2.395	1.846
74.8	2.508	2.141
74.8	2.63	2.431
74.8	2.903	3
74.8	3.182	3.506
74.8	3.484	4.001
74.8	3.997	4.762
74.8	4.551	5.493
74.8	5.147	6.194
74.8	5.785	6.85
74.8	5.977	8.496
74.8	6.083	9.421
74.8	0	9.421
	30	
74.7	0	0
74.7	0.46	0
74.7	0.683	0.017
74.7	0.903	0.054
74.7	1.118	0.114
74.7	1.324	0.2
74.7	1.409	0.247
74.7	1.492	0.298
74.7	1.562	0.348
74.7	1.629	0.401
74.7	1.73	0.5
74.7	1.829	0.623
74.7	1.917	0.754
74.7	1.997	0.891
74.7	2.073	1.029
74.7	2.402	1.769
74.7	2.446	1.885
74.7	2.468	1.943
74.7	2.49	2.001
74.7	2.961	3.026
74.7	3.531	4
74.7	3.862	4.506
74.7	4.212	5
74.7	4.585	5.485
74.7	4.978	5.955
74.7	5.389	6.413
74.7	5.814	6.85
74.7	5.995	8.496
74.7	6.095	9.42
74.7	0	9.42
	28	
74.6	0	0
74.6	0.495	0
74.6	0.717	0.017
74.6	0.938	0.054
74.6	1.154	0.114
74.6	1.359	0.2
74.6	1.577	0.332
74.6	1.766	0.5
74.6	1.93	0.715
74.6	2.066	0.951
74.6	2.12	1.054
74.6	2.146	1.106
74.6	2.172	1.158
74.6	2.385	1.637
74.6	2.523	1.984
74.6	2.669	2.327
74.6	2.825	2.666
74.6	2.992	2.999
74.6	3.273	3.506
74.6	3.906	4.506
74.6	4.254	5
74.6	4.625	5.484
74.6	5.015	5.953
74.6	5.421	6.41
74.6	5.842	6.85
74.6	5.977	8.148
74.6	6.106	9.418
74.6	0	9.418
	26	
74.539	0	0
74.539	0.516	0
74.539	0.738	0.017
74.539	0.959	0.054
74.539	1.176	0.113
74.539	1.382	0.199
74.539	1.598	0.332
74.539	1.786	0.501
74.539	1.952	0.715
74.539	2.089	0.95
74.539	2.214	1.2
74.539	2.347	1.498
74.539	2.473	1.8
74.539	2.733	2.406
74.539	3.018	3
74.539	3.3	3.506
74.539	3.605	4
74.539	3.934	4.506
74.539	4.279	5
74.539	4.648	5.484
74.539	5.037	5.952
74.539	5.442	6.408
74.539	5.859	6.85
74.539	5.988	8.147
74.539	6.112	9.417
74.539	0	9.417
	34	
74.35	0	0
74.35	0.583	0
74.35	0.693	0.006
74.35	0.802	0.016
74.35	0.91	0.03
74.35	1.017	0.05
74.35	1.237	0.111
74.35	1.45	0.2
74.35	1.539	0.246
74.35	1.623	0.3
74.35	1.702	0.362
74.35	1.728	0.382
74.35	1.753	0.402
74.35	1.887	0.535
74.35	2	0.688
74.35	2.152	0.939
74.35	2.285	1.201
74.35	2.409	1.473
74.35	2.525	1.75
74.35	2.734	2.252
74.35	2.909	2.63
74.35	3.102	3
74.35	3.392	3.499
74.35	3.689	4.001
74.35	3.905	4.342
74.35	4.131	4.678
74.35	4.502	5.198
74.35	4.894	5.701
74.35	5.142	5.994
74.35	5.396	6.281
74.35	5.654	6.581
74.35	5.908	6.85
74.35	6.13	9.412
74.35	0	9.412
	26	
74.05	0	0
74.05	0.692	0
74.05	0.916	0.015
74.05	1.139	0.051
74.05	1.357	0.111
74.05	1.565	0.199
74.05	1.779	0.332
74.05	1.965	0.5
74.05	2.132	0.715
74.05	2.338	1.074
74.05	2.401	1.2
74.05	2.535	1.498
74.05	2.662	1.8
74.05	3.201	2.922
74.05	3.822	4.001
74.05	4.142	4.506
74.05	4.478	5
74.05	4.831	5.48
74.05	5.201	5.947
74.05	5.586	6.404
74.05	5.981	6.85
74.05	6.026	7.484
74.05	6.109	8.758
74.05	6.131	9.076
74.05	6.153	9.394
74.05	0	9.394
	36	
73.75	0	0
73.75	0.803	0
73.75	0.89	0.002
73.75	0.973	0.008
73.75	1.056	0.016
73.75	1.143	0.029
73.75	1.255	0.05
73.75	1.339	0.071
73.75	1.482	0.114
73.75	1.713	0.216
73.75	1.891	0.329
73.75	1.988	0.41
73.75	2.077	0.5
73.75	2.246	0.715
73.75	2.388	0.95
73.75	2.453	1.074
73.75	2.515	1.2
73.75	2.63	1.449
73.75	2.741	1.7
73.75	2.807	1.851
73.75	2.874	2.001
73.75	3.116	2.505
73.75	3.379	3
73.75	3.591	3.373
73.75	3.806	3.744
73.75	3.961	4.012
73.75	4.121	4.278
73.75	4.249	4.479
73.75	4.545	4.925
73.75	5.049	5.625
73.75	5.332	5.992
73.75	5.569	6.279
73.75	5.81	6.581
73.75	6.048	6.85
73.75	6.171	9.402
73.75	0	9.402
	28	
73.15	0	0
73.15	1.032	0
73.15	1.157	0.005
73.15	1.282	0.016
73.15	1.408	0.033
73.15	1.532	0.058
73.15	1.775	0.134
73.15	2.001	0.247
73.15	2.336	0.536
73.15	2.596	0.9
73.15	2.728	1.147
73.15	2.981	1.678
73.15	3.114	1.955
73.15	3.453	2.619
73.15	3.808	3.275
73.15	4.212	3.997
73.15	4.633	4.71
73.15	4.819	5.008
73.15	5.012	5.301
73.15	5.243	5.623
73.15	5.482	5.94
73.15	5.656	6.166
73.15	5.83	6.392
73.15	6.002	6.621
73.15	6.17	6.85
73.15	6.177	8.135
73.15	6.187	9.392
73.15	0	9.392
	28	
73.15	0	0
73.15	1.032	0
73.15	1.157	0.005
73.15	1.282	0.016
73.15	1.408	0.033
73.15	1.532	0.058
73.15	1.775	0.134
73.15	2.001	0.247
73.15	2.336	0.536
73.15	2.596	0.9
73.15	2.728	1.147
73.15	2.981	1.678
73.15	3.114	1.955
73.15	3.453	2.619
73.15	3.808	3.275
73.15	4.212	3.997
73.15	4.633	4.71
73.15	4.819	5.008
73.15	5.012	5.301
73.15	5.243	5.623
73.15	5.482	5.94
73.15	5.656	6.166
73.15	5.83	6.392
73.15	6.001	6.62
73.15	6.08	6.7
73.15	5.1	6.7
73.15	5.1	9.875
73.15	0	9.875
	25	
72.4	0	0
72.4	1.324	0.001
72.4	1.495	0.005
72.4	1.667	0.024
72.4	1.836	0.057
72.4	2.001	0.108
72.4	2.323	0.27
72.4	2.6	0.5
72.4	2.764	0.696
72.4	2.907	0.91
72.4	3.041	1.145
72.4	3.167	1.384
72.4	3.482	1.999
72.4	3.614	2.25
72.4	3.745	2.5
72.4	4.379	3.733
72.4	4.635	4.214
72.4	4.9	4.69
72.4	5.198	5.202
72.4	5.508	5.708
72.4	5.827	6.207
72.4	6.157	6.7
72.4	5.1	6.7
72.4	5.1	9.875
72.4	0	9.875
	35	
71.65	0	0
71.65	1.624	0
71.65	1.715	0.002
71.65	1.806	0.006
71.65	1.865	0.012
71.65	1.923	0.018
71.65	1.985	0.027
71.65	2.058	0.038
71.65	2.107	0.05
71.65	2.178	0.071
71.65	2.28	0.1
71.65	2.36	0.13
71.65	2.48	0.186
71.65	2.597	0.251
71.65	2.681	0.306
71.65	2.76	0.366
71.65	2.905	0.501
71.65	3.108	0.741
71.65	3.287	1.001
71.65	3.437	1.248
71.65	3.579	1.5
71.65	3.658	1.65
71.65	3.92	2.149
71.65	4.099	2.5
71.65	4.28	2.876
71.65	4.457	3.254
71.65	4.635	3.628
71.65	4.816	4
71.65	5.152	4.679
71.65	5.494	5.356
71.65	5.842	6.03
71.65	6.197	6.7
71.65	5.1	6.7
71.65	5.1	9.875
71.65	0	9.875
	25	
70.9	0	0
70.9	1.934	0
70.9	2.121	0.007
70.9	2.309	0.029
70.9	2.494	0.068
70.9	2.672	0.128
70.9	2.896	0.242
70.9	3.099	0.39
70.9	3.16	0.444
70.9	3.219	0.5
70.9	3.689	1.09
70.9	4.064	1.75
70.9	4.288	2.191
70.9	4.5	2.638
70.9	4.727	3.158
70.9	4.949	3.68
70.9	5.421	4.758
70.9	5.626	5.238
70.9	5.823	5.72
70.9	6.012	6.205
70.9	6.193	6.693
70.9	6.2	6.7
70.9	5.1	6.7
70.9	5.1	9.875
70.9	0	9.875
	27	
70.15	0	0
70.15	2.254	0.001
70.15	2.374	0.002
70.15	2.494	0.01
70.15	2.613	0.026
70.15	2.73	0.049
70.15	2.919	0.106
70.15	3.099	0.184
70.15	3.329	0.327
70.15	3.537	0.5
70.15	4.018	1.085
70.15	4.393	1.749
70.15	4.634	2.247
70.15	4.855	2.753
70.15	5.003	3.126
70.15	5.147	3.5
70.15	5.511	4.448
70.15	5.874	5.478
70.15	6.054	6.063
70.15	6.092	6.201
70.15	6.128	6.339
70.15	6.161	6.479
70.15	6.19	6.619
70.15	6.2	6.7
70.15	5.1	6.7
70.15	5.1	9.875
70.15	0	9.875
	25	
69.4	0	0
69.4	2.585	0
69.4	2.714	0.004
69.4	2.844	0.015
69.4	2.974	0.036
69.4	3.101	0.066
69.4	3.636	0.327
69.4	4.074	0.738
69.4	4.34	1.105
69.4	4.563	1.5
69.4	4.686	1.749
69.4	4.804	2
69.4	4.918	2.249
69.4	5.026	2.501
69.4	5.249	3.081
69.4	5.591	4.084
69.4	5.726	4.5
69.4	5.873	4.984
69.4	6.005	5.472
69.4	6.114	5.967
69.4	6.193	6.465
69.4	6.2	6.7
69.4	5.1	6.7
69.4	5.1	9.875
69.4	0	9.875
	23	
68.65	0	0
68.65	2.916	0
68.65	3.149	0.016
68.65	3.38	0.064
68.65	3.603	0.142
68.65	3.813	0.249
68.65	4.224	0.581
68.65	4.552	1
68.65	4.827	1.49
68.65	5.171	2.249
68.65	5.274	2.5
68.65	5.365	2.747
68.65	5.45	2.997
68.65	5.773	4.048
68.65	6.04	5.115
68.65	6.097	5.391
68.65	6.145	5.668
68.65	6.18	5.951
68.65	6.197	6.229
68.65	6.2	6.7
68.65	5.1	6.7
68.65	5.1	9.875
68.65	0	9.875
	21	
67.9	0	0
67.9	3.233	0
67.9	3.559	0.038
67.9	3.87	0.139
67.9	4.157	0.296
67.9	4.413	0.501
67.9	4.662	0.783
67.9	4.869	1.1
67.9	4.976	1.298
67.9	5.519	2.589
67.9	5.855	3.717
67.9	6.003	4.356
67.9	6.121	5
67.9	6.152	5.22
67.9	6.177	5.44
67.9	6.194	5.667
67.9	6.201	5.883
67.9	6.2	6.7
67.9	5.1	6.7
67.9	5.1	9.875
67.9	0	9.875
	28	
67.15	0	0
67.15	3.528	0
67.15	3.571	0.001
67.15	3.593	0.002
67.15	3.657	0.007
67.15	3.701	0.014
67.15	3.796	0.032
67.15	3.872	0.05
67.15	3.943	0.071
67.15	4.03	0.1
67.15	4.072	0.116
67.15	4.111	0.133
67.15	4.399	0.292
67.15	4.656	0.5
67.15	4.866	0.737
67.15	5.044	1
67.15	5.18	1.246
67.15	5.301	1.5
67.15	5.643	2.386
67.15	5.902	3.301
67.15	6.019	3.824
67.15	6.111	4.35
67.15	6.174	4.889
67.15	6.201	5.415
67.15	6.2	6.7
67.15	5.1	6.7
67.15	5.1	9.875
67.15	0	9.875
	21	
66.4	0	0
66.4	3.798	0
66.4	3.991	0.02
66.4	4.179	0.067
66.4	4.36	0.138
66.4	4.531	0.23
66.4	4.63	0.296
66.4	4.725	0.367
66.4	4.915	0.542
66.4	5.082	0.739
66.4	5.378	1.223
66.4	5.602	1.749
66.4	5.903	2.721
66.4	6.103	3.718
66.4	6.174	4.298
66.4	6.193	4.6
66.4	6.2	4.88
66.4	6.2	6.7
66.4	5.1	6.7
66.4	5.1	9.875
66.4	0	9.875
	19	
65.65	0	0
65.65	4.043	-0.001
65.65	4.237	0.022
65.65	4.425	0.073
65.65	4.604	0.15
65.65	4.772	0.248
65.65	5.046	0.471
65.65	5.278	0.738
65.65	5.424	0.963
65.65	5.549	1.2
65.65	5.757	1.714
65.65	6.033	2.759
65.65	6.123	3.275
65.65	6.179	3.811
65.65	6.2	4.319
65.65	6.2	6.7
65.65	5.1	6.7
65.65	5.1	9.875
65.65	0	9.875
	19	
64.9	0	0
64.9	4.263	-0.001
64.9	4.452	0.021
64.9	4.634	0.073
64.9	4.808	0.15
64.9	4.97	0.248
64.9	5.233	0.472
64.9	5.453	0.738
64.9	5.603	0.985
64.9	5.727	1.247
64.9	5.939	1.863
64.9	6.08	2.501
64.9	6.169	3.131
64.9	6.193	3.467
64.9	6.2	3.768
64.9	6.2	6.7
64.9	5.1	6.7
64.9	5.1	9.875
64.9	0	9.875
	17	
64.15	0	0
64.15	4.456	-0.001
64.15	4.643	0.02
64.15	4.822	0.072
64.15	4.991	0.15
64.15	5.148	0.25
64.15	5.493	0.587
64.15	5.752	1
64.15	5.913	1.392
64.15	6.029	1.8
64.15	6.156	2.52
64.15	6.188	2.907
64.15	6.2	3.251
64.15	6.2	6.7
64.15	5.1	6.7
64.15	5.1	9.875
64.15	0	9.875
	15	
63.4	0	0
63.4	4.625	0
63.4	4.828	0.022
63.4	5.02	0.085
63.4	5.198	0.179
63.4	5.36	0.3
63.4	5.679	0.666
63.4	5.909	1.101
63.4	6.047	1.507
63.4	6.184	2.378
63.4	6.2	2.783
63.4	6.2	6.7
63.4	5.1	6.7
63.4	5.1	9.875
63.4	0	9.875
	15	
62.65	0	0
62.65	4.774	0
62.65	4.953	0.016
62.65	5.281	0.147
62.65	5.425	0.251
62.65	5.735	0.592
62.65	5.956	1
62.65	6.073	1.33
62.65	6.151	1.671
62.65	6.192	2.046
62.65	6.199	2.37
62.65	6.2	6.7
62.65	5.1	6.7
62.65	5.1	9.875
62.65	0	9.875
	15	
61.9	0	0
61.9	4.906	0
61.9	4.981	0.003
61.9	5.056	0.012
61.9	5.205	0.051
61.9	5.513	0.233
61.9	5.757	0.501
61.9	5.963	0.845
61.9	6.104	1.22
61.9	6.182	1.644
61.9	6.199	2.015
61.9	6.2	6.7
61.9	5.1	6.7
61.9	5.1	9.875
61.9	0	9.875
	15	
61.15	0	0
61.15	5.019	0
61.15	5.186	0.017
61.15	5.343	0.068
61.15	5.618	0.251
61.15	5.871	0.549
61.15	6.051	0.901
61.15	6.119	1.098
61.15	6.166	1.3
61.15	6.194	1.539
61.15	6.199	1.716
61.15	6.2	6.7
61.15	5.1	6.7
61.15	5.1	9.875
61.15	0	9.875
	15	
60.4	0	0
60.4	5.111	-0.001
60.4	5.255	0.015
60.4	5.39	0.056
60.4	5.632	0.2
60.4	5.81	0.375
60.4	5.954	0.58
60.4	6.06	0.789
60.4	6.136	1.009
60.4	6.183	1.27
60.4	6.2	1.47
60.4	6.2	6.7
60.4	5.1	6.7
60.4	5.1	9.875
60.4	0	9.875
	15	
59.65	0	0
59.65	5.181	-0.001
59.65	5.295	0.01
59.65	5.405	0.038
59.65	5.606	0.135
59.65	5.801	0.298
59.65	5.96	0.5
59.65	6.06	0.68
59.65	6.134	0.87
59.65	6.181	1.104
59.65	6.2	1.272
59.65	6.2	6.7
59.65	5.1	6.7
59.65	5.1	9.875
59.65	0	9.875
	13	
58.9	0	0
58.9	5.231	0
58.9	5.469	0.042
58.9	5.682	0.15
58.9	5.863	0.308
58.9	6.01	0.501
58.9	6.147	0.796
58.9	6.185	0.99
58.9	6.2	1.118
58.9	6.2	6.7
58.9	5.1	6.7
58.9	5.1	9.875
58.9	0	9.875
	13	
58.15	0	0
58.15	5.267	0
58.15	5.484	0.034
58.15	5.682	0.122
58.15	5.856	0.253
58.15	6.001	0.419
58.15	6.144	0.696
58.15	6.184	0.883
58.15	6.2	1.001
58.15	6.2	6.7
58.15	5.1	6.7
58.15	5.1	9.875
58.15	0	9.875
	10	
57.4	0	0
57.4	5.293	0
57.4	5.638	0.078
57.4	5.926	0.282
57.4	6.124	0.612
57.4	6.199	0.919
57.4	6.2	6.7
57.4	5.1	6.7
57.4	5.1	9.875
57.4	0	9.875
	11	
56.65	0	0
56.65	5.33	0
56.65	5.66	0.073
56.65	5.938	0.263
56.65	6.129	0.54
56.65	6.181	0.738
56.65	6.199	0.87
56.65	6.2	6.7
56.65	5.1	6.7
56.65	5.1	9.875
56.65	0	9.875
	17	
55.9	0	0
55.9	5.33	0
55.9	5.403	0.005
55.9	5.474	0.014
55.9	5.611	0.05
55.9	5.803	0.146
55.9	5.968	0.286
55.9	6.048	0.387
55.9	6.112	0.499
55.9	6.148	0.583
55.9	6.175	0.669
55.9	6.192	0.796
55.9	6.2	0.85
55.9	6.2	6.7
55.9	5.1	6.7
55.9	5.1	9.875
55.9	0	9.875
	17	
55.15	0	0
55.15	5.33	0
55.15	5.403	0.005
55.15	5.474	0.014
55.15	5.611	0.05
55.15	5.803	0.146
55.15	5.968	0.286
55.15	6.048	0.387
55.15	6.112	0.499
55.15	6.148	0.583
55.15	6.175	0.669
55.15	6.192	0.796
55.15	6.2	0.85
55.15	6.2	6.7
55.15	5.1	6.7
55.15	5.1	9.875
55.15	0	9.875
	13	
54.4	0	0
54.4	5.33	0
54.4	5.509	0.02
54.4	5.679	0.077
54.4	5.833	0.167
54.4	5.967	0.286
54.4	6.135	0.547
54.4	6.181	0.733
54.4	6.2	0.85
54.4	6.2	6.7
54.4	5.1	6.7
54.4	5.1	9.875
54.4	0	9.875
	17	
53.65	0	0
53.65	5.33	0
53.65	5.403	0.005
53.65	5.474	0.014
53.65	5.612	0.05
53.65	5.803	0.146
53.65	5.968	0.286
53.65	6.048	0.388
53.65	6.112	0.499
53.65	6.148	0.583
53.65	6.175	0.669
53.65	6.192	0.796
53.65	6.2	0.85
53.65	6.2	6.7
53.65	5.1	6.7
53.65	5.1	9.875
53.65	0	9.875
	17	
52.9	0	0
52.9	5.33	0
52.9	5.403	0.005
52.9	5.474	0.014
52.9	5.612	0.05
52.9	5.803	0.146
52.9	5.968	0.286
52.9	6.048	0.388
52.9	6.112	0.499
52.9	6.148	0.583
52.9	6.175	0.669
52.9	6.192	0.796
52.9	6.2	0.85
52.9	6.2	6.7
52.9	5.1	6.7
52.9	5.1	9.875
52.9	0	9.875
	13	
52.15	0	0
52.15	5.33	0
52.15	5.509	0.02
52.15	5.679	0.077
52.15	5.833	0.167
52.15	5.967	0.286
52.15	6.135	0.547
52.15	6.181	0.733
52.15	6.2	0.85
52.15	6.2	6.7
52.15	5.1	6.7
52.15	5.1	9.875
52.15	0	9.875
	13	
29.65	0	0
29.65	5.33	0
29.65	5.509	0.02
29.65	5.679	0.077
29.65	5.833	0.167
29.65	5.967	0.286
29.65	6.135	0.547
29.65	6.181	0.733
29.65	6.2	0.85
29.65	6.2	6.7
29.65	5.1	6.7
29.65	5.1	9.875
29.65	0	9.875
	17	
28.9	0	0
28.9	5.33	0
28.9	5.403	0.005
28.9	5.474	0.014
28.9	5.612	0.05
28.9	5.803	0.146
28.9	5.968	0.286
28.9	6.048	0.388
28.9	6.112	0.499
28.9	6.148	0.583
28.9	6.175	0.669
28.9	6.192	0.796
28.9	6.2	0.85
28.9	6.2	6.7
28.9	5.1	6.7
28.9	5.1	9.875
28.9	0	9.875
	17	
28.15	0	0
28.15	5.33	0
28.15	5.403	0.005
28.15	5.474	0.014
28.15	5.612	0.05
28.15	5.803	0.146
28.15	5.968	0.286
28.15	6.048	0.388
28.15	6.112	0.499
28.15	6.148	0.583
28.15	6.175	0.669
28.15	6.192	0.796
28.15	6.2	0.85
28.15	6.2	6.7
28.15	5.1	6.7
28.15	5.1	9.875
28.15	0	9.875
	13	
27.4	0	0
27.4	5.33	0
27.4	5.509	0.02
27.4	5.679	0.077
27.4	5.833	0.167
27.4	5.967	0.286
27.4	6.135	0.547
27.4	6.181	0.733
27.4	6.2	0.85
27.4	6.2	6.7
27.4	5.1	6.7
27.4	5.1	9.875
27.4	0	9.875
	17	
26.65	0	0
26.65	5.33	0
26.65	5.403	0.005
26.65	5.474	0.014
26.65	5.611	0.05
26.65	5.803	0.146
26.65	5.968	0.286
26.65	6.048	0.387
26.65	6.112	0.499
26.65	6.148	0.583
26.65	6.175	0.669
26.65	6.192	0.796
26.65	6.2	0.85
26.65	6.2	6.7
26.65	5.1	6.7
26.65	5.1	9.875
26.65	0	9.875
	17	
25.9	0	0
25.9	5.33	0
25.9	5.403	0.005
25.9	5.474	0.014
25.9	5.611	0.05
25.9	5.803	0.146
25.9	5.968	0.286
25.9	6.048	0.387
25.9	6.112	0.499
25.9	6.148	0.583
25.9	6.175	0.669
25.9	6.192	0.796
25.9	6.2	0.85
25.9	6.2	6.7
25.9	5.1	6.7
25.9	5.1	9.875
25.9	0	9.875
	13	
25.15	0	0
25.15	5.259	0.001
25.15	5.455	0.014
25.15	5.643	0.069
25.15	5.816	0.162
25.15	5.964	0.289
25.15	6.136	0.555
25.15	6.182	0.744
25.15	6.199	0.866
25.15	6.2	6.7
25.15	5.1	6.7
25.15	5.1	9.875
25.15	0	9.875
	15	
24.4	0	0
24.4	4.961	0.001
24.4	5.095	0
24.4	5.366	0.022
24.4	5.499	0.051
24.4	5.74	0.147
24.4	5.946	0.299
24.4	6.055	0.429
24.4	6.136	0.579
24.4	6.186	0.778
24.4	6.2	0.911
24.4	6.2	6.7
24.4	5.1	6.7
24.4	5.1	9.875
24.4	0	9.875
	23	
23.65	0	0
23.65	4.437	0
23.65	4.546	0
23.65	4.657	0
23.65	4.768	0.001
23.65	4.877	0.003
23.65	4.983	0.008
23.65	5.097	0.018
23.65	5.224	0.033
23.65	5.316	0.05
23.65	5.403	0.07
23.65	5.55	0.112
23.65	5.746	0.2
23.65	5.881	0.289
23.65	5.998	0.399
23.65	6.087	0.527
23.65	6.151	0.671
23.65	6.188	0.86
23.65	6.2	0.98
23.65	6.2	6.7
23.65	5.1	6.7
23.65	5.1	9.875
23.65	0	9.875
	22	
22.9	0	0
22.9	3.801	0
22.9	4.042	0.004
22.9	4.284	0.009
22.9	4.525	0.017
22.9	4.766	0.029
22.9	5.084	0.056
22.9	5.397	0.114
22.9	5.572	0.17
22.9	5.738	0.249
22.9	5.988	0.455
22.9	6.147	0.736
22.9	6.179	0.868
22.9	6.196	1.001
22.9	6.198	1.033
22.9	6.199	1.036
22.9	6.199	1.064
22.9	6.2	1.16
22.9	6.2	6.7
22.9	5.1	6.7
22.9	5.1	9.875
22.9	0	9.875
	21	
22.15	0	0
22.15	3.144	0
22.15	3.398	0.001
22.15	3.653	0.006
22.15	4.161	0.024
22.15	4.543	0.043
22.15	4.924	0.074
22.15	5.192	0.111
22.15	5.454	0.177
22.15	5.755	0.324
22.15	5.999	0.548
22.15	6.088	0.688
22.15	6.152	0.841
22.15	6.189	1.003
22.15	6.197	1.171
22.15	6.2	2.531
22.15	6.2	5.318
22.15	6.2	6.7
22.15	5.1	6.7
22.15	5.1	9.875
22.15	0	9.875
	26	
21.4	0	0
21.4	2.494	0
21.4	2.73	0.002
21.4	2.996	0.005
21.4	3.262	0.011
21.4	3.528	0.02
21.4	3.794	0.031
21.4	4.149	0.05
21.4	4.442	0.066
21.4	4.735	0.089
21.4	5.042	0.129
21.4	5.343	0.2
21.4	5.56	0.283
21.4	5.759	0.399
21.4	5.998	0.648
21.4	6.149	0.96
21.4	6.171	1.044
21.4	6.186	1.129
21.4	6.195	1.213
21.4	6.198	1.301
21.4	6.2	2.629
21.4	6.2	5.35
21.4	6.2	6.7
21.4	5.1	6.7
21.4	5.1	9.875
21.4	0	9.875
	30	
20.65	0	0
20.65	2.123	0
20.65	2.262	0.002
20.65	2.682	0.014
20.65	2.79	0.017
20.65	3.019	0.024
20.65	3.216	0.033
20.65	3.512	0.046
20.65	3.635	0.055
20.65	3.805	0.063
20.65	3.935	0.07
20.65	4.036	0.077
20.65	4.149	0.085
20.65	4.269	0.094
20.65	4.711	0.129
20.65	5.141	0.2
20.65	5.399	0.279
20.65	5.639	0.4
20.65	5.84	0.563
20.65	6.001	0.768
20.65	6.063	0.881
20.65	6.113	1
20.65	6.15	1.113
20.65	6.176	1.228
20.65	6.193	1.378
20.65	6.2	1.463
20.65	6.2	6.7
20.65	5.1	6.7
20.65	5.1	9.875
20.65	0	9.875
	23	
19.9	0	0
19.9	2.064	0
19.9	2.207	0.005
19.9	2.492	0.026
19.9	2.635	0.035
19.9	3.058	0.056
19.9	3.905	0.108
19.9	4.571	0.167
19.9	4.815	0.199
19.9	5.036	0.24
19.9	5.252	0.301
19.9	5.457	0.387
19.9	5.645	0.502
19.9	5.93	0.793
19.9	6.118	1.156
19.9	6.154	1.278
19.9	6.18	1.402
19.9	6.195	1.559
19.9	6.2	1.653
19.9	6.2	6.7
19.9	5.1	6.7
19.9	5.1	9.875
19.9	0	9.875
	19	
19.5	0	0
19.5	2.035	0
19.5	2.611	0.05
19.5	3.03	0.073
19.5	3.867	0.13
19.5	4.702	0.215
19.5	5.111	0.301
19.5	5.346	0.385
19.5	5.564	0.502
19.5	5.92	0.849
19.5	6.139	1.301
19.5	6.168	1.414
19.5	6.188	1.529
19.5	6.198	1.676
19.5	6.2	1.762
19.5	6.2	6.7
19.5	5.1	6.7
19.5	5.1	9.875
19.5	0	9.875
	19	
19.5	0	0
19.5	2.035	0
19.5	2.611	0.05
19.5	3.03	0.073
19.5	3.867	0.13
19.5	4.702	0.215
19.5	5.111	0.301
19.5	5.346	0.385
19.5	5.564	0.502
19.5	5.92	0.849
19.5	6.139	1.301
19.5	6.168	1.414
19.5	6.188	1.529
19.5	6.198	1.676
19.5	6.2	1.762
19.5	6.2	6.7
19.5	5.1	6.7
19.5	5.1	9.875
19.5	0	9.875
	36	
19.15	0	0
19.15	2.008	0
19.15	2.155	0.007
19.15	2.3	0.022
19.15	2.59	0.065
19.15	3.029	0.093
19.15	3.467	0.122
19.15	3.905	0.156
19.15	4.342	0.2
19.15	4.656	0.241
19.15	4.968	0.301
19.15	5.039	0.318
19.15	5.108	0.338
19.15	5.189	0.366
19.15	5.277	0.4
19.15	5.405	0.452
19.15	5.479	0.499
19.15	5.48	0.501
19.15	5.587	0.592
19.15	5.76	0.719
19.15	5.846	0.808
19.15	5.912	0.9
19.15	5.957	0.97
19.15	6.001	1.042
19.15	6.064	1.169
19.15	6.116	1.3
19.15	6.156	1.436
19.15	6.184	1.576
19.15	6.199	1.716
19.15	6.199	1.859
19.15	6.2	3.071
19.15	6.2	5.556
19.15	6.2	6.788
19.15	5.1	6.788
19.15	5.1	9.875
19.15	0	9.875
	28	
18.4	0	0
18.4	1.948	0
18.4	2.101	0.004
18.4	2.253	0.021
18.4	2.403	0.053
18.4	2.475	0.077
18.4	2.546	0.107
18.4	2.95	0.138
18.4	3.756	0.207
18.4	4.158	0.25
18.4	4.525	0.299
18.4	4.887	0.372
18.4	5.077	0.427
18.4	5.261	0.499
18.4	5.604	0.711
18.4	5.884	1
18.4	5.989	1.165
18.4	6.074	1.342
18.4	6.126	1.489
18.4	6.164	1.64
18.4	6.182	1.747
18.4	6.194	1.855
18.4	6.199	1.995
18.4	6.199	2.072
18.4	6.2	6.975
18.4	5.1	6.975
18.4	5.1	9.875
18.4	0	9.875
	28	
17.65	0	0
17.65	1.879	0
17.65	2.044	0.001
17.65	2.208	0.022
17.65	2.364	0.073
17.65	2.435	0.114
17.65	2.5	0.165
17.65	2.791	0.192
17.65	3.373	0.247
17.65	3.664	0.277
17.65	4.083	0.326
17.65	4.5	0.393
17.65	4.828	0.468
17.65	5.146	0.576
17.65	5.482	0.755
17.65	5.769	1.001
17.65	5.92	1.201
17.65	6.038	1.422
17.65	6.123	1.651
17.65	6.174	1.89
17.65	6.185	1.99
17.65	6.192	2.091
17.65	6.197	2.223
17.65	6.2	2.293
17.65	6.2	7.162
17.65	5.1	7.162
17.65	5.1	9.875
17.65	0	9.875
	28	
16.9	0	0
16.9	1.8	0
16.9	1.912	-0.001
16.9	2.027	0.006
16.9	2.14	0.026
16.9	2.246	0.063
16.9	2.362	0.137
16.9	2.411	0.187
16.9	2.45	0.246
16.9	2.847	0.287
16.9	3.643	0.376
16.9	4.038	0.431
16.9	4.27	0.469
16.9	4.5	0.514
16.9	4.967	0.639
16.9	5.403	0.84
16.9	5.483	0.893
16.9	5.56	0.95
16.9	5.84	1.244
16.9	6.039	1.6
16.9	6.114	1.822
16.9	6.164	2.052
16.9	6.191	2.316
16.9	6.2	2.519
16.9	6.2	7.35
16.9	5.1	7.35
16.9	5.1	9.875
16.9	0	9.875
	30	
16.15	0	0
16.15	1.715	0
16.15	1.916	0.009
16.15	2.017	0.022
16.15	2.112	0.05
16.15	2.157	0.072
16.15	2.198	0.099
16.15	2.294	0.191
16.15	2.369	0.301
16.15	2.387	0.335
16.15	2.393	0.347
16.15	2.754	0.39
16.15	3.115	0.433
16.15	3.836	0.53
16.15	4.168	0.586
16.15	4.5	0.654
16.15	4.863	0.748
16.15	5.209	0.886
16.15	5.589	1.147
16.15	5.889	1.499
16.15	5.985	1.669
16.15	6.06	1.848
16.15	6.124	2.067
16.15	6.166	2.292
16.15	6.19	2.551
16.15	6.2	2.749
16.15	6.2	7.537
16.15	5.1	7.537
16.15	5.1	9.875
16.15	0	9.875
	30	
15.4	0	0
15.4	1.628	0
15.4	1.722	-0.001
15.4	1.817	0.004
15.4	1.911	0.02
15.4	2.059	0.083
15.4	2.114	0.124
15.4	2.183	0.198
15.4	2.241	0.282
15.4	2.289	0.373
15.4	2.329	0.465
15.4	2.639	0.504
15.4	3.258	0.586
15.4	3.567	0.631
15.4	3.944	0.694
15.4	4.32	0.768
15.4	4.701	0.865
15.4	5.07	1.001
15.4	5.357	1.157
15.4	5.613	1.356
15.4	5.864	1.653
15.4	6.041	1.999
15.4	6.114	2.236
15.4	6.159	2.481
15.4	6.185	2.759
15.4	6.199	2.974
15.4	6.2	7.725
15.4	5.1	7.725
15.4	5.1	9.875
15.4	0	9.875
	32	
14.65	0	0
14.65	1.54	0
14.65	1.627	-0.001
14.65	1.716	0.005
14.65	1.803	0.021
14.65	1.885	0.05
14.65	1.984	0.114
14.65	2.068	0.2
14.65	2.131	0.291
14.65	2.225	0.492
14.65	2.258	0.597
14.65	2.607	0.646
14.65	3.305	0.743
14.65	3.652	0.798
14.65	4.078	0.882
14.65	4.499	0.986
14.65	4.799	1.078
14.65	5.09	1.196
14.65	5.467	1.424
14.65	5.781	1.731
14.65	5.903	1.908
14.65	6	2.099
14.65	6.089	2.363
14.65	6.145	2.637
14.65	6.177	2.915
14.65	6.198	3.195
14.65	6.2	4.355
14.65	6.199	6.733
14.65	6.2	7.912
14.65	5.1	7.912
14.65	5.1	9.875
14.65	0	9.875
	30	
13.9	0	0
13.9	1.446	0
13.9	1.487	0
13.9	1.529	0.001
13.9	1.572	0.002
13.9	1.614	0.006
13.9	1.767	0.051
13.9	1.899	0.141
13.9	2	0.268
13.9	2.064	0.378
13.9	2.114	0.494
13.9	2.153	0.615
13.9	2.18	0.739
13.9	2.674	0.812
13.9	3.166	0.889
13.9	3.655	0.975
13.9	4.143	1.078
13.9	4.736	1.242
13.9	5.29	1.501
13.9	5.648	1.785
13.9	5.924	2.147
13.9	6.006	2.319
13.9	6.069	2.499
13.9	6.143	2.838
13.9	6.186	3.27
13.9	6.199	3.411
13.9	6.2	8.1
13.9	5.1	8.1
13.9	5.1	9.875
13.9	0	9.875
	28	
13.9	0	0
13.9	1.446	0
13.9	1.487	0
13.9	1.529	0.001
13.9	1.572	0.002
13.9	1.614	0.006
13.9	1.767	0.051
13.9	1.899	0.141
13.9	2	0.268
13.9	2.064	0.378
13.9	2.114	0.494
13.9	2.153	0.615
13.9	2.18	0.739
13.9	2.674	0.812
13.9	3.166	0.889
13.9	3.655	0.975
13.9	4.143	1.078
13.9	4.736	1.242
13.9	5.29	1.501
13.9	5.648	1.785
13.9	5.924	2.147
13.9	6.006	2.319
13.9	6.069	2.499
13.9	6.143	2.838
13.9	6.186	3.27
13.9	6.199	3.411
13.9	6.2	8.1
13.9	0	8.1
	30	
13.2	0	0
13.2	1.348	0
13.2	1.389	0
13.2	1.43	0.001
13.2	1.511	0.008
13.2	1.585	0.025
13.2	1.656	0.052
13.2	1.769	0.126
13.2	1.863	0.225
13.2	1.958	0.373
13.2	2.025	0.536
13.2	2.072	0.707
13.2	2.104	0.878
13.2	2.461	0.936
13.2	2.818	0.995
13.2	3.53	1.122
13.2	4.236	1.275
13.2	4.921	1.501
13.2	5.24	1.655
13.2	5.531	1.854
13.2	5.713	2.032
13.2	5.865	2.236
13.2	5.939	2.365
13.2	6.003	2.5
13.2	6.095	2.768
13.2	6.155	3.045
13.2	6.189	3.356
13.2	6.201	3.609
13.2	6.2	8.1
13.2	0	8.1
	30	
12.5	0	0
12.5	1.241	0.001
12.5	1.315	0
12.5	1.388	0.008
12.5	1.527	0.05
12.5	1.683	0.155
12.5	1.806	0.3
12.5	1.895	0.468
12.5	1.955	0.649
12.5	1.995	0.836
12.5	2.025	1.023
12.5	2.468	1.107
12.5	2.912	1.186
12.5	3.355	1.268
12.5	3.797	1.357
12.5	4.198	1.45
12.5	4.595	1.562
12.5	4.951	1.691
12.5	5.287	1.862
12.5	5.519	2.029
12.5	5.722	2.231
12.5	5.851	2.403
12.5	5.958	2.591
12.5	6.093	2.948
12.5	6.169	3.325
12.5	6.192	3.565
12.5	6.198	3.712
12.5	6.201	3.804
12.5	6.2	8.1
12.5	0	8.1
	32	
11.8	0	0
11.8	1.132	0
11.8	1.153	0
11.8	1.174	0
11.8	1.195	0.001
11.8	1.216	0.002
11.8	1.317	0.018
11.8	1.412	0.052
11.8	1.537	0.13
11.8	1.644	0.234
11.8	1.808	0.516
11.8	1.896	0.834
11.8	1.922	1.003
11.8	1.931	1.088
11.8	1.94	1.175
11.8	2.294	1.241
11.8	2.647	1.31
11.8	3	1.381
11.8	3.354	1.452
11.8	4.113	1.615
11.8	4.853	1.844
11.8	5.204	2.005
11.8	5.523	2.218
11.8	5.791	2.501
11.8	5.978	2.828
11.8	6.101	3.187
11.8	6.145	3.387
11.8	6.175	3.589
11.8	6.193	3.819
11.8	6.2	3.996
11.8	6.2	8.1
11.8	0	8.1
	34	
11.1	0	0
11.1	1.02	0.001
11.1	1.091	0.001
11.1	1.161	0.01
11.1	1.23	0.027
11.1	1.295	0.052
11.1	1.424	0.129
11.1	1.535	0.233
11.1	1.627	0.359
11.1	1.698	0.499
11.1	1.762	0.696
11.1	1.81	0.95
11.1	1.837	1.165
11.1	1.844	1.248
11.1	1.85	1.331
11.1	2.219	1.405
11.1	2.958	1.551
11.1	3.328	1.626
11.1	3.823	1.732
11.1	4.315	1.857
11.1	4.54	1.924
11.1	4.763	2
11.1	4.997	2.093
11.1	5.224	2.205
11.1	5.436	2.34
11.1	5.627	2.501
11.1	5.897	2.867
11.1	6.072	3.291
11.1	6.129	3.51
11.1	6.168	3.733
11.1	6.191	3.983
11.1	6.2	4.185
11.1	6.2	8.1
11.1	0	8.1
	32	
10.4	0	0
10.4	0.907	0
10.4	0.977	0.003
10.4	1.049	0.012
10.4	1.12	0.027
10.4	1.188	0.05
10.4	1.384	0.178
10.4	1.53	0.363
10.4	1.671	0.731
10.4	1.729	1.124
10.4	1.744	1.307
10.4	1.749	1.4
10.4	1.752	1.493
10.4	2.156	1.577
10.4	2.561	1.657
10.4	3.371	1.818
10.4	3.854	1.924
10.4	4.332	2.048
10.4	4.649	2.147
10.4	4.959	2.267
10.4	5.177	2.373
10.4	5.383	2.501
10.4	5.639	2.724
10.4	5.848	2.992
10.4	5.955	3.187
10.4	6.041	3.392
10.4	6.112	3.63
10.4	6.161	3.874
10.4	6.189	4.145
10.4	6.2	4.369
10.4	6.2	8.1
10.4	0	8.1
	34	
10.4	0	0
10.4	0.907	0
10.4	0.977	0.003
10.4	1.049	0.012
10.4	1.12	0.027
10.4	1.188	0.05
10.4	1.384	0.178
10.4	1.53	0.363
10.4	1.671	0.731
10.4	1.729	1.124
10.4	1.744	1.307
10.4	1.749	1.4
10.4	1.752	1.493
10.4	2.156	1.577
10.4	2.561	1.657
10.4	3.371	1.818
10.4	3.854	1.924
10.4	4.332	2.048
10.4	4.649	2.147
10.4	4.959	2.267
10.4	5.177	2.373
10.4	5.383	2.501
10.4	5.639	2.724
10.4	5.848	2.992
10.4	5.955	3.187
10.4	6.041	3.392
10.4	6.112	3.63
10.4	6.161	3.874
10.4	6.189	4.145
10.4	6.2	4.369
10.4	6.2	8.1
10.4	4.5	8.1
10.4	4.5	10.65
10.4	0	10.65
	38	
9.7	0	0
9.7	0.796	0.001
9.7	0.848	0
9.7	0.899	0.003
9.7	1	0.022
9.7	1.092	0.055
9.7	1.178	0.102
9.7	1.438	0.382
9.7	1.576	0.748
9.7	1.61	0.974
9.7	1.624	1.202
9.7	1.631	1.432
9.7	1.645	1.661
9.7	2.04	1.743
9.7	2.435	1.821
9.7	2.831	1.897
9.7	3.226	1.976
9.7	4.009	2.151
9.7	4.774	2.386
9.7	4.91	2.439
9.7	5.042	2.5
9.7	5.212	2.6
9.7	5.314	2.668
9.7	5.411	2.742
9.7	5.69	3.012
9.7	5.914	3.329
9.7	6.019	3.535
9.7	6.099	3.752
9.7	6.133	3.882
9.7	6.158	4.015
9.7	6.177	4.148
9.7	6.19	4.282
9.7	6.197	4.438
9.7	6.2	4.55
9.7	6.2	8.1
9.7	4.5	8.1
9.7	4.5	10.65
9.7	0	10.65
	38	
9	0	0
9	0.687	0.001
9	0.723	0
9	0.831	0.008
9	0.957	0.043
9	1.073	0.102
9	1.227	0.233
9	1.346	0.399
9	1.446	0.642
9	1.498	0.9
9	1.516	1.133
9	1.52	1.367
9	1.52	1.601
9	1.527	1.835
9	1.92	1.914
9	2.313	1.99
9	2.706	2.065
9	3.1	2.141
9	3.93	2.319
9	4.74	2.57
9	4.939	2.654
9	5.129	2.754
9	5.324	2.891
9	5.503	3.049
9	5.661	3.209
9	5.858	3.439
9	5.956	3.589
9	6.001	3.68
9	6.094	3.933
9	6.154	4.196
9	6.174	4.329
9	6.188	4.462
9	6.197	4.618
9	6.2	4.732
9	6.2	8.1
9	4.5	8.1
9	4.5	10.65
9	0	10.65
	38	
8.3	0	0
8.3	0.582	0
8.3	0.655	0.002
8.3	0.728	0.011
8.3	0.869	0.05
8.3	1.036	0.148
8.3	1.173	0.286
8.3	1.288	0.489
8.3	1.358	0.714
8.3	1.402	0.996
8.3	1.413	1.279
8.3	1.401	1.629
8.3	1.398	1.725
8.3	1.397	1.821
8.3	1.397	2.012
8.3	1.763	2.084
8.3	2.131	2.152
8.3	2.866	2.286
8.3	3.372	2.388
8.3	3.875	2.5
8.3	4.295	2.607
8.3	4.704	2.745
8.3	4.957	2.86
8.3	5.198	2.999
8.3	5.425	3.163
8.3	5.632	3.351
8.3	5.774	3.508
8.3	5.897	3.679
8.3	5.952	3.774
8.3	6	3.872
8.3	6.093	4.121
8.3	6.154	4.381
8.3	6.188	4.667
8.3	6.2	4.912
8.3	6.2	8.1
8.3	4.5	8.1
8.3	4.5	10.65
8.3	0	10.65
	39	
7.6	0	0
7.6	0.479	0
7.6	0.587	0.006
7.6	0.692	0.028
7.6	0.794	0.065
7.6	0.888	0.118
7.6	1.032	0.244
7.6	1.141	0.4
7.6	1.166	0.45
7.6	1.189	0.501
7.6	1.252	0.697
7.6	1.288	0.9
7.6	1.303	1.2
7.6	1.291	1.5
7.6	1.267	1.846
7.6	1.252	2.193
7.6	1.698	2.271
7.6	2.587	2.432
7.6	3.031	2.513
7.6	3.878	2.682
7.6	4.702	2.929
7.6	4.902	3.014
7.6	5.096	3.115
7.6	5.286	3.239
7.6	5.466	3.378
7.6	5.539	3.438
7.6	5.609	3.501
7.6	5.726	3.626
7.6	5.83	3.763
7.6	5.922	3.909
7.6	6.001	4.062
7.6	6.092	4.309
7.6	6.153	4.565
7.6	6.187	4.847
7.6	6.2	5.091
7.6	6.2	8.1
7.6	4.5	8.1
7.6	4.5	10.65
7.6	0	10.65
	40	
6.9	0	0
6.9	0.374	0
6.9	0.514	0.009
6.9	0.649	0.048
6.9	0.774	0.112
6.9	0.884	0.2
6.9	0.998	0.339
6.9	1.08	0.5
6.9	1.114	0.601
6.9	1.141	0.704
6.9	1.164	0.827
6.9	1.18	0.95
6.9	1.186	1.306
6.9	1.116	2.017
6.9	1.095	2.373
6.9	1.257	2.401
6.9	1.421	2.429
6.9	1.584	2.455
6.9	1.747	2.481
6.9	2.281	2.575
6.9	2.814	2.672
6.9	3.664	2.83
6.9	4.499	3.045
6.9	4.975	3.232
6.9	5.198	3.356
6.9	5.408	3.501
6.9	5.59	3.658
6.9	5.75	3.838
6.9	5.826	3.948
6.9	5.895	4.063
6.9	5.949	4.156
6.9	5.998	4.251
6.9	6.091	4.493
6.9	6.151	4.746
6.9	6.185	5.024
6.9	6.2	5.265
6.9	6.2	8.1
6.9	4.5	8.1
6.9	4.5	10.65
6.9	0	10.65
	42	
6.2	0	0
6.2	0.267	0
6.2	0.408	0.008
6.2	0.545	0.046
6.2	0.671	0.111
6.2	0.781	0.2
6.2	0.892	0.34
6.2	0.967	0.501
6.2	1.006	0.659
6.2	1.029	0.821
6.2	1.036	0.886
6.2	1.043	0.95
6.2	1.057	1.276
6.2	1.037	1.6
6.2	0.957	2.074
6.2	0.926	2.312
6.2	0.922	2.553
6.2	1.33	2.614
6.2	1.737	2.68
6.2	2.55	2.822
6.2	3.05	2.911
6.2	3.548	3.006
6.2	3.928	3.088
6.2	4.304	3.182
6.2	4.561	3.26
6.2	4.813	3.354
6.2	5.051	3.467
6.2	5.277	3.604
6.2	5.549	3.822
6.2	5.784	4.08
6.2	5.902	4.252
6.2	6	4.437
6.2	6.085	4.66
6.2	6.143	4.892
6.2	6.168	5.027
6.2	6.185	5.162
6.2	6.196	5.315
6.2	6.2	5.434
6.2	6.2	8.1
6.2	4.5	8.1
6.2	4.5	10.65
6.2	0	10.65
	44	
5.5	0	0
5.5	0.153	0
5.5	0.229	0.001
5.5	0.304	0.009
5.5	0.449	0.051
5.5	0.589	0.137
5.5	0.706	0.256
5.5	0.837	0.476
5.5	0.916	0.722
5.5	0.958	1.11
5.5	0.921	1.5
5.5	0.866	1.75
5.5	0.806	2
5.5	0.772	2.181
5.5	0.748	2.363
5.5	0.735	2.546
5.5	0.736	2.73
5.5	1.19	2.798
5.5	1.644	2.869
5.5	2.097	2.942
5.5	2.55	3.021
5.5	2.825	3.072
5.5	3.551	3.204
5.5	3.937	3.288
5.5	4.319	3.387
5.5	4.453	3.426
5.5	4.586	3.47
5.5	4.729	3.525
5.5	4.87	3.587
5.5	5.142	3.728
5.5	5.397	3.896
5.5	5.616	4.085
5.5	5.806	4.302
5.5	5.947	4.517
5.5	6.056	4.75
5.5	6.137	5.021
5.5	6.184	5.301
5.5	6.196	5.454
5.5	6.2	5.547
5.5	6.2	5.608
5.5	6.2	8.1
5.5	4.5	8.1
5.5	4.5	10.65
5.5	0	10.65
	48	
4.8	0	0.001
4.8	0.025	0.001
4.8	0.162	0.011
4.8	0.295	0.05
4.8	0.417	0.113
4.8	0.524	0.199
4.8	0.634	0.34
4.8	0.713	0.501
4.8	0.774	0.697
4.8	0.813	0.9
4.8	0.825	0.996
4.8	0.833	1.148
4.8	0.825	1.3
4.8	0.788	1.502
4.8	0.732	1.7
4.8	0.654	1.96
4.8	0.588	2.222
4.8	0.56	2.391
4.8	0.543	2.562
4.8	0.535	2.734
4.8	0.535	2.904
4.8	1.085	2.987
4.8	1.36	3.027
4.8	1.634	3.069
4.8	2.093	3.144
4.8	2.55	3.224
4.8	3.049	3.313
4.8	3.548	3.407
4.8	3.898	3.479
4.8	4.246	3.563
4.8	4.759	3.731
4.8	5.239	3.971
4.8	5.471	4.137
4.8	5.68	4.33
4.8	5.754	4.414
4.8	5.822	4.502
4.8	5.977	4.766
4.8	6.089	5.054
4.8	6.124	5.173
4.8	6.153	5.293
4.8	6.176	5.415
4.8	6.191	5.538
4.8	6.199	5.677
4.8	6.2	5.786
4.8	6.2	8.1
4.8	4.5	8.1
4.8	4.5	10.65
4.8	0	10.65
	50	
4.2	0	0.04
4.2	0.025	0.04
4.2	0.161	0.084
4.2	0.289	0.149
4.2	0.403	0.235
4.2	0.499	0.34
4.2	0.589	0.499
4.2	0.635	0.62
4.2	0.669	0.745
4.2	0.709	0.997
4.2	0.71	1.252
4.2	0.694	1.377
4.2	0.668	1.5
4.2	0.631	1.623
4.2	0.588	1.744
4.2	0.499	1.998
4.2	0.424	2.257
4.2	0.385	2.453
4.2	0.361	2.652
4.2	0.35	2.853
4.2	0.352	3.052
4.2	0.817	3.121
4.2	1.283	3.19
4.2	1.749	3.261
4.2	2.213	3.336
4.2	2.702	3.421
4.2	3.654	3.594
4.2	4.113	3.695
4.2	4.307	3.747
4.2	4.5	3.805
4.2	4.714	3.879
4.2	4.923	3.964
4.2	5.15	4.081
4.2	5.363	4.219
4.2	5.458	4.291
4.2	5.55	4.368
4.2	5.621	4.434
4.2	5.689	4.503
4.2	5.981	4.947
4.2	6.147	5.455
4.2	6.169	5.574
4.2	6.185	5.694
4.2	6.196	5.815
4.2	6.2	5.938
4.2	6.2	6.47
4.2	6.201	7.559
4.2	6.2	8.1
4.2	4.5	8.1
4.2	4.5	10.65
4.2	0	10.65
	43	
3.6	0	0.205
3.6	0.025	0.205
3.6	0.221	0.322
3.6	0.38	0.486
3.6	0.497	0.683
3.6	0.57	0.9
3.6	0.596	1.201
3.6	0.545	1.499
3.6	0.511	1.601
3.6	0.472	1.701
3.6	0.346	2
3.6	0.252	2.291
3.6	0.19	2.59
3.6	0.16	2.894
3.6	0.161	3.199
3.6	0.661	3.269
3.6	1.161	3.342
3.6	1.66	3.418
3.6	2.158	3.498
3.6	2.75	3.597
3.6	3.342	3.703
3.6	3.925	3.818
3.6	4.5	3.97
3.6	4.773	4.067
3.6	5.037	4.186
3.6	5.167	4.258
3.6	5.294	4.337
3.6	5.493	4.482
3.6	5.669	4.651
3.6	5.802	4.83
3.6	5.915	5.023
3.6	5.959	5.107
3.6	5.999	5.193
3.6	6.021	5.247
3.6	6.041	5.301
3.6	6.193	6.203
3.6	6.19	7.126
3.6	6.191	7.369
3.6	6.197	7.855
3.6	6.193	8.1
3.6	4.5	8.1
3.6	4.5	10.65
3.6	0	10.65
	45	
3	0	0.642
3	0.025	0.643
3	0.089	0.671
3	0.149	0.707
3	0.204	0.75
3	0.253	0.798
3	0.335	0.909
3	0.395	1.034
3	0.445	1.267
3	0.423	1.5
3	0.333	1.711
3	0.218	1.914
3	0.147	2.066
3	0.05	2.385
3	0.025	2.551
3	0	2.551
3	0	3.352
3	0.025	3.352
3	0.571	3.426
3	1.116	3.504
3	1.661	3.586
3	2.205	3.672
3	2.797	3.772
3	3.389	3.877
3	3.948	3.988
3	4.5	4.135
3	5.017	4.344
3	5.476	4.653
3	5.576	4.75
3	5.669	4.855
3	5.757	4.974
3	5.836	5.099
3	5.891	5.199
3	5.939	5.302
3	5.972	5.384
3	6	5.468
3	6.099	5.929
3	6.135	6.4
3	6.142	6.705
3	6.149	7.283
3	6.157	7.828
3	6.161	8.1
3	4.5	8.1
3	4.5	10.65
3	0	10.65
	41	
2.7	0	0.91
2.7	0.025	0.91
2.7	0.102	0.938
2.7	0.173	0.981
2.7	0.235	1.036
2.7	0.287	1.102
2.7	0.369	1.356
2.7	0.326	1.622
2.7	0.219	1.803
2.7	0.064	1.987
2.7	0.048	2.009
2.7	0.034	2.032
2.7	0.025	2.059
2.7	0	2.059
2.7	0	3.434
2.7	0.025	3.434
2.7	0.334	3.478
2.7	0.953	3.563
2.7	1.768	3.685
2.7	2.796	3.853
2.7	3.317	3.945
2.7	3.812	4.041
2.7	4.302	4.16
2.7	4.733	4.302
2.7	5.138	4.5
2.7	5.367	4.659
2.7	5.571	4.848
2.7	5.67	4.964
2.7	5.759	5.089
2.7	5.823	5.193
2.7	5.879	5.301
2.7	5.949	5.483
2.7	6	5.671
2.7	6.092	6.337
2.7	6.114	7.012
2.7	6.119	7.284
2.7	6.131	7.828
2.7	6.135	8.1
2.7	4.5	8.1
2.7	4.5	10.65
2.7	0	10.65
	36	
2.4	0	1.2
2.4	0.117	1.223
2.4	0.212	1.29
2.4	0.298	1.5
2.4	0.275	1.612
2.4	0.212	1.71
2.4	0.117	1.777
2.4	0	1.8
2.4	0	3.516
2.4	0.025	3.516
2.4	0.643	3.603
2.4	0.953	3.646
2.4	1.262	3.69
2.4	1.768	3.767
2.4	2.273	3.848
2.4	2.795	3.936
2.4	3.316	4.027
2.4	3.562	4.071
2.4	3.808	4.12
2.4	4.059	4.178
2.4	4.309	4.245
2.4	4.65	4.356
2.4	4.978	4.5
2.4	5.229	4.654
2.4	5.458	4.841
2.4	5.655	5.057
2.4	5.812	5.301
2.4	5.931	5.616
2.4	6	5.948
2.4	6.059	6.536
2.4	6.082	7.124
2.4	6.088	7.279
2.4	6.103	8.1
2.4	4.5	8.1
2.4	4.5	10.65
2.4	0	10.65
	28	
2.4	0	3.516
2.4	0.025	3.516
2.4	0.643	3.603
2.4	0.953	3.646
2.4	1.262	3.69
2.4	1.768	3.767
2.4	2.273	3.848
2.4	2.795	3.936
2.4	3.316	4.027
2.4	3.562	4.071
2.4	3.808	4.12
2.4	4.059	4.178
2.4	4.309	4.245
2.4	4.65	4.356
2.4	4.978	4.5
2.4	5.229	4.654
2.4	5.458	4.841
2.4	5.655	5.057
2.4	5.812	5.301
2.4	5.931	5.616
2.4	6	5.948
2.4	6.059	6.536
2.4	6.082	7.124
2.4	6.088	7.279
2.4	6.103	8.1
2.4	4.5	8.1
2.4	4.5	10.65
2.4	0	10.65
	26	
2.1	0	3.598
2.1	0.025	3.598
2.1	0.588	3.677
2.1	1.15	3.757
2.1	1.712	3.84
2.1	2.273	3.929
2.1	2.687	3.999
2.1	3.326	4.109
2.1	3.552	4.15
2.1	3.814	4.204
2.1	4.073	4.265
2.1	4.287	4.321
2.1	4.499	4.387
2.1	4.937	4.571
2.1	5.333	4.83
2.1	5.557	5.048
2.1	5.735	5.302
2.1	5.874	5.639
2.1	5.954	6
2.1	6.013	6.503
2.1	6.039	7.008
2.1	6.054	7.554
2.1	6.064	8.1
2.1	4.5	8.1
2.1	4.5	10.65
2.1	0	10.65
	32	
1.8	0	3.68
1.8	0.025	3.68
1.8	0.587	3.759
1.8	1.15	3.839
1.8	1.712	3.921
1.8	2.273	4.01
1.8	2.686	4.081
1.8	3.1	4.151
1.8	3.325	4.188
1.8	3.55	4.228
1.8	3.815	4.284
1.8	4.078	4.349
1.8	4.29	4.406
1.8	4.499	4.472
1.8	4.856	4.621
1.8	5.188	4.82
1.8	5.376	4.971
1.8	5.542	5.146
1.8	5.599	5.222
1.8	5.652	5.301
1.8	5.737	5.465
1.8	5.803	5.637
1.8	5.898	6.014
1.8	5.951	6.4
1.8	5.98	6.742
1.8	5.998	7.084
1.8	6.007	7.338
1.8	6.018	7.846
1.8	6.022	8.1
1.8	4.5	8.1
1.8	4.5	10.65
1.8	0	10.65
	25	
1.2	0	3.842
1.2	0.025	3.842
1.2	0.268	3.88
1.2	0.756	3.949
1.2	1.433	4.044
1.2	2.353	4.187
1.2	3.349	4.355
1.2	3.856	4.458
1.2	4.31	4.579
1.2	4.747	4.75
1.2	5.027	4.906
1.2	5.28	5.102
1.2	5.375	5.197
1.2	5.46	5.301
1.2	5.561	5.462
1.2	5.643	5.634
1.2	5.838	6.366
1.2	5.904	7.126
1.2	5.915	7.369
1.2	5.922	7.612
1.2	5.927	7.855
1.2	5.927	8.1
1.2	4.5	8.1
1.2	4.5	10.65
1.2	0	10.65
	23	
1.2	0	3.842
1.2	0.025	3.842
1.2	0.268	3.88
1.2	0.756	3.949
1.2	1.433	4.044
1.2	2.353	4.187
1.2	3.349	4.355
1.2	3.856	4.458
1.2	4.31	4.579
1.2	4.747	4.75
1.2	5.027	4.906
1.2	5.28	5.102
1.2	5.375	5.197
1.2	5.46	5.301
1.2	5.561	5.462
1.2	5.643	5.634
1.2	5.838	6.366
1.2	5.904	7.126
1.2	5.915	7.369
1.2	5.922	7.612
1.2	5.927	7.855
1.2	5.927	8.1
1.2	0	8.1
	28	
0.6	0	4.006
0.6	0.025	4.006
0.6	0.268	4.044
0.6	0.512	4.079
0.6	0.756	4.113
0.6	1	4.147
0.6	1.47	4.216
0.6	2.424	4.361
0.6	2.907	4.437
0.6	3.292	4.502
0.6	3.676	4.579
0.6	4	4.659
0.6	4.319	4.758
0.6	4.519	4.835
0.6	4.714	4.924
0.6	4.896	5.03
0.6	5.066	5.154
0.6	5.284	5.372
0.6	5.458	5.627
0.6	5.618	6
0.6	5.716	6.397
0.6	5.768	6.76
0.6	5.796	7.124
0.6	5.805	7.368
0.6	5.811	7.612
0.6	5.814	7.856
0.6	5.819	8.1
0.6	0	8.1
	22	
0	0	4.17
0	0.025	4.17
0	1.013	4.315
0	2	4.46
0	2.551	4.54
0	3.1	4.626
0	3.332	4.667
0	3.563	4.715
0	3.819	4.78
0	4.074	4.859
0	4.531	5.041
0	4.942	5.301
0	5.238	5.62
0	5.453	6
0	5.576	6.393
0	5.642	6.8
0	5.669	7.118
0	5.682	7.436
0	5.686	7.602
0	5.693	7.934
0	5.7	8.1
0	0	8.1
	27	
-0.6	0	4.334
-0.6	0.025	4.334
-0.6	0.519	4.405
-0.6	1.506	4.551
-0.6	2	4.622
-0.6	2.551	4.699
-0.6	3.1	4.784
-0.6	3.333	4.826
-0.6	3.563	4.878
-0.6	3.829	4.958
-0.6	4.089	5.054
-0.6	4.297	5.141
-0.6	4.499	5.24
-0.6	4.552	5.269
-0.6	4.603	5.301
-0.6	4.69	5.362
-0.6	4.774	5.427
-0.6	4.879	5.514
-0.6	4.98	5.608
-0.6	5.136	5.794
-0.6	5.264	6.002
-0.6	5.453	6.548
-0.6	5.528	7.126
-0.6	5.541	7.369
-0.6	5.557	7.855
-0.6	5.567	8.1
-0.6	0	8.1
	25	
-1.2	0	4.498
-1.2	0.025	4.498
-1.2	0.33	4.541
-1.2	0.941	4.629
-1.2	1.754	4.747
-1.2	2.263	4.817
-1.2	2.821	4.896
-1.2	3.374	5.005
-1.2	3.674	5.091
-1.2	3.967	5.197
-1.2	4.163	5.283
-1.2	4.354	5.381
-1.2	4.588	5.53
-1.2	4.8	5.708
-1.2	4.991	5.93
-1.2	5.142	6.181
-1.2	5.3	6.641
-1.2	5.374	7.125
-1.2	5.397	7.449
-1.2	5.412	7.856
-1.2	5.415	7.938
-1.2	5.386	8.019
-1.2	5.429	8.1
-1.2	0	8.1
-1.2	0	8.1
	25	
-1.8	0	4.659
-1.8	0.025	4.662
-1.8	0	4.662
-1.8	0	4.659
-1.8	0.454	4.723
-1.8	1.816	4.91
-1.8	2.314	4.979
-1.8	2.811	5.058
-1.8	3.287	5.157
-1.8	3.751	5.3
-1.8	4.143	5.48
-1.8	4.5	5.72
-1.8	4.647	5.853
-1.8	4.778	6.001
-1.8	4.85	6.101
-1.8	4.915	6.206
-1.8	4.986	6.339
-1.8	5.049	6.475
-1.8	5.198	7.013
-1.8	5.26	7.572
-1.8	5.274	7.835
-1.8	5.245	7.968
-1.8	5.283	8.1
-1.8	0	8.1
-1.8	0	8.1
23		
-2.03	0	4.725
-2.03	0.025	4.725
-2.03	0.712	4.823
-2.03	1.745	4.958
-2.03	2.089	5.007
-2.03	2.432	5.059
-2.03	2.774	5.119
-2.03	2.994	5.16
-2.03	3.214	5.206
-2.03	3.433	5.259
-2.03	3.648	5.325
-2.03	3.974	5.458
-2.03	4.277	5.636
-2.03	4.439	5.763
-2.03	4.588	5.907
-2.03	4.865	6.288
-2.03	5.055	6.721
-2.03	5.131	7.013
-2.03	5.179	7.311
-2.03	5.212	7.705
-2.03	5.186	7.903
-2.03	5.226	8.1
-2.03	0	8.1
2		
-2.03	0	4.725
-2.03	0	8.1
